ALX,ALY,ALZ,ARX,ARY,ARZ,EMG0L,EMG1L,EMG2L,EMG3L,EMG4L,EMG5L,EMG6L,EMG7L,EMG0R,EMG1R,EMG2R,EMG3R,EMG4R,EMG5R,EMG6R,EMG7R,GLX,GLY,GLZ,GRX,GRY,GRZ,ORL,OPL,OYL,ORR,OPR,OYR,LHNX,LHNY,LHNZ,RHNX,RHNY,RHNZ,HX,HY,HZ,LTX,LTY,LTZ,RTX,RTY,RTZ,SpineMidX,SpineMidY,SpineMidZ,SpineBaseX,SpineBaseY,SpineBaseZ,ShoulderLeftX,ShoulderLeftY,ShoulderLeftZ,ShoulderRightX,ShoulderRightY,ShoulderRightZ,ElbowLeftX,ElbowLeftY,ElbowLeftZ,ElbowRightX,ElbowRightY,ElbowRightZ,Myo_Pose_left,Myo_Pose_Right,Kinect_pose_left,Kinect_pose_right
1.039063,-0.2631836,0.140625,-0.6665039,0.8305664,0.2919922,-2,0,0,-1,-2,0,-1,-2,64,2,-2,-6,-21,-14,-17,-3,23.75,23.75,23.75,-29,-29,-29,3.311278,3.119318,6.557204,7.126352,5.895687,1.328863,-0.1122123,-0.3832555,1.65278,-0.001007743,0.2116213,1.653476,0.09603625,0.5402936,1.74159,-0.1648618,-0.3986519,1.652684,0.06027442,0.2669517,1.681243,0.07217493,0.06455563,1.770751,0.0680129,-0.2658859,1.764818,-0.09083106,0.2476977,1.737347,-0.01151568,-0.2575949,1.726539,-0.1363933,-0.01005624,1.762351,0.2367701,0.0235035,1.622736,NA,NA,NotTracked,NotTracked,
0.9521484,-0.3320313,0.199707,-0.4863281,0.8173828,0.3227539,-1,-1,0,-2,-1,-1,-1,-1,5,17,8,10,10,0,2,-20,-6.6875,-6.6875,-6.6875,31.8125,31.8125,31.8125,3.291513,3.108925,6.587004,7.090096,5.90104,1.249621,-0.1121882,-0.3833267,1.655088,0.0007559297,0.2116893,1.645548,0.09595725,0.5402687,1.741626,-0.1646786,-0.3975191,1.6521,0.06183928,0.2636144,1.679738,0.07218897,0.06456372,1.770754,0.06796136,-0.2657292,1.764651,-0.09056765,0.2487545,1.735633,-0.0115265,-0.2574571,1.72632,-0.1360949,-0.009828511,1.763158,0.236283,0.02404057,1.622351,NA,NA,NotTracked,NotTracked,
0.8964844,-0.3066406,0.171875,-0.4038086,0.9384766,0.3676758,-1,-1,-1,-1,0,0,1,0,-50,-10,-6,9,-6,-21,-12,6,18.4375,18.4375,18.4375,-9.8125,-9.8125,-9.8125,3.27697,3.097376,6.622479,7.082602,5.894349,1.239486,-0.1126436,-0.3836559,1.657709,0.005355957,0.1570288,1.625465,0.09592712,0.5402833,1.741668,-0.1661997,-0.3933205,1.659889,0.0265149,0.233173,1.601875,0.0722243,0.06461157,1.770702,0.06789717,-0.2655112,1.764478,-0.09002876,0.2497525,1.733825,-0.01156605,-0.2572493,1.726142,-0.1358903,-0.01030067,1.763844,0.2358231,0.02454308,1.621069,NA,NA,NotTracked,Unknown,
0.8657227,-0.3041992,0.1494141,-0.4423828,0.7563477,0.3447266,-2,-2,0,-1,-2,-2,1,-1,8,-8,-5,-4,10,4,-9,-46,2.1875,2.1875,2.1875,-26.1875,-26.1875,-26.1875,3.269594,3.092098,6.631556,7.088068,5.893782,1.319291,-0.1132249,-0.3836774,1.662136,-0.01263588,0.2107057,1.644297,0.09592541,0.5402829,1.741666,-0.1674217,-0.3831673,1.6728,0.01806367,0.2392547,1.603979,0.07222447,0.06464954,1.770706,0.0677603,-0.2653612,1.764462,-0.08976768,0.25045,1.733011,-0.01169587,-0.257082,1.726089,-0.135856,-0.01065803,1.764755,0.2355574,0.02476154,1.620749,NA,NA,NotTracked,Unknown,
0.9321289,-0.3598633,0.2280273,-0.597168,0.7910156,0.262207,-2,-1,-1,0,-1,0,0,-2,48,-12,-15,-16,1,-12,-9,-17,-16.25,-16.25,-16.25,-30.4375,-30.4375,-30.4375,3.229063,3.076267,6.658339,7.139478,5.874059,1.473299,-0.1134425,-0.3844185,1.664207,-0.01191387,0.2112948,1.653014,0.09592498,0.5402931,1.741663,-0.1638526,-0.4009471,1.655467,0.03861244,0.2748949,1.682,0.07224315,0.06467327,1.77072,0.06765322,-0.265306,1.764489,-0.08936871,0.24916,1.733453,-0.01180192,-0.2570205,1.726114,-0.1358941,-0.01053269,1.765632,0.235245,0.02502936,1.620155,NA,NA,NotTracked,NotTracked,
0.9233398,-0.4057617,0.2333984,-0.5727539,0.6704102,-0.1855469,-1,-2,-6,-1,-3,-1,-2,2,58,13,9,15,-3,21,6,21,4.3125,4.3125,4.3125,-54.8125,-54.8125,-54.8125,3.209985,3.072808,6.678432,7.147312,5.879605,1.480508,-0.1142212,-0.3848935,1.664781,-0.006734283,0.2041228,1.663662,0.09582823,0.540335,1.741541,-0.1648676,-0.3931082,1.659443,0.04465793,0.2721068,1.679044,0.07230681,0.06461447,1.77058,0.06754491,-0.2654133,1.764395,-0.08997068,0.247797,1.735464,-0.01190791,-0.2571424,1.72615,-0.1358725,-0.01195654,1.766292,0.2348612,0.02536466,1.619244,NA,NA,NotTracked,NotTracked,
0.8632813,-0.3491211,0.1508789,-0.5444336,0.949707,0.1557617,0,-2,-1,-1,0,0,-1,-2,-30,-8,-6,-7,1,8,8,-10,6.0625,6.0625,6.0625,35.9375,35.9375,35.9375,3.204209,3.072805,6.692029,7.145356,5.871801,1.457757,-0.1166206,-0.3852679,1.666579,-0.007295026,0.2055107,1.667147,0.09572554,0.5403628,1.741387,-0.1675598,-0.4075873,1.658474,0.04293837,0.2730935,1.680333,0.07228868,0.06456152,1.770458,0.06728507,-0.26555,1.764349,-0.09066118,0.2469966,1.737308,-0.01222473,-0.2573189,1.726326,-0.1359356,-0.01232753,1.766594,0.2346196,0.02578145,1.618718,NA,NA,NotTracked,NotTracked,
1.001465,-0.2592773,0.1518555,-0.6171875,0.8051758,0.3735352,0,0,0,0,-2,1,1,5,39,-9,-3,-4,-3,30,3,7,2.5625,2.5625,2.5625,-20.3125,-20.3125,-20.3125,3.210976,3.079959,6.68802,7.112288,5.872416,1.458722,-0.1182242,-0.384841,1.664616,-0.007878351,0.2065361,1.662789,0.09553821,0.5402844,1.740913,-0.1672618,-0.3978577,1.658961,0.0434825,0.2726467,1.679581,0.07220672,0.06450009,1.77032,0.06689052,-0.2657108,1.76437,-0.09115538,0.2461505,1.739048,-0.01263858,-0.257486,1.726474,-0.1364659,-0.01200859,1.767221,0.2343139,0.02666444,1.618116,NA,NA,NotTracked,NotTracked,
0.9829102,-0.3798828,0.1938477,-0.6455078,0.8085938,0.1650391,-1,1,1,-1,-1,-2,1,2,-37,-8,-3,-5,-1,-6,-9,-12,-20.0625,-20.0625,-20.0625,2,2,2,3.201638,3.085332,6.683476,7.113426,5.880755,1.456525,-0.1186961,-0.3852825,1.663951,-0.007693583,0.2049287,1.663407,0.09545788,0.5402295,1.740669,-0.1674767,-0.3967327,1.656171,0.04388063,0.2720783,1.679493,0.07221825,0.06447178,1.770297,0.06677982,-0.2657897,1.764418,-0.0912903,0.2458909,1.739509,-0.01276656,-0.2575575,1.726575,-0.1368138,-0.01257511,1.767244,0.2342845,0.02677706,1.617977,NA,NA,NotTracked,NotTracked,
0.921875,-0.3134766,0.1669922,-0.4790039,0.8286133,0.1938477,-1,-1,-2,-2,0,-2,0,-1,-26,4,3,7,-3,-12,-11,-47,10.5625,10.5625,10.5625,10,10,10,3.21866,3.091636,6.667809,7.114709,5.881937,1.440037,-0.1186265,-0.3846705,1.662914,-0.008072109,0.2068742,1.66328,0.09536604,0.5401477,1.740313,-0.1698508,-0.3930224,1.659667,0.04327814,0.2729113,1.679882,0.07220502,0.06445286,1.770275,0.06661693,-0.2658464,1.764527,-0.09140842,0.2457088,1.739872,-0.01296028,-0.2576025,1.726805,-0.137152,-0.01329317,1.767145,0.2341945,0.02692983,1.617829,NA,NA,NotTracked,NotTracked,
0.9003906,-0.2587891,0.1367188,-0.5043945,0.8198242,0.2275391,-1,-2,1,-1,-2,-2,-2,-1,-79,-4,2,3,7,31,14,-12,-11.4375,-11.4375,-11.4375,-10.25,-10.25,-10.25,3.231293,3.095815,6.649689,7.104181,5.88164,1.430214,-0.1188109,-0.3842225,1.662126,-0.008396983,0.2089796,1.661656,0.09535851,0.5401717,1.739659,-0.1723299,-0.3963576,1.662403,0.04477083,0.2728455,1.678099,0.07215825,0.06456105,1.770124,0.06644553,-0.2657505,1.764552,-0.09143439,0.2476482,1.738281,-0.01314261,-0.2574896,1.726908,-0.137299,-0.01328817,1.767047,0.2341048,0.02704317,1.617771,NA,NA,NotTracked,NotTracked,
0.9467773,-0.3344727,0.1943359,-0.5649414,0.8378906,0.246582,-1,0,-3,-1,-1,-2,-3,-2,-28,0,-1,-1,5,21,11,-7,-10.125,-10.125,-10.125,0.75,0.75,0.75,3.223646,3.096427,6.641535,7.091698,5.886384,1.417538,-0.1188954,-0.3841414,1.662161,-0.008903869,0.2073229,1.662226,0.09536221,0.5403253,1.739524,-0.1713752,-0.3966222,1.661839,0.0443228,0.2717174,1.678944,0.07214376,0.06457,1.770094,0.06638353,-0.2657548,1.76458,-0.09162037,0.2474794,1.738692,-0.0132174,-0.2575104,1.727033,-0.1375297,-0.01369684,1.766892,0.2340383,0.02706882,1.61773,NA,NA,NotTracked,NotTracked,
0.9345703,-0.3222656,0.1557617,-0.5141602,0.8491211,0.2041016,1,-3,-2,-1,-1,0,-1,1,46,-3,-7,-7,-6,-27,-8,30,6.0625,6.0625,6.0625,7.5625,7.5625,7.5625,3.233271,3.097143,6.637071,7.093131,5.887094,1.406612,-0.1191893,-0.3848275,1.658727,-0.009449318,0.2088675,1.660725,0.09525537,0.5401153,1.73855,-0.1699714,-0.3932869,1.657988,0.04398929,0.2722727,1.677964,0.07209875,0.06446491,1.769781,0.06622555,-0.2659496,1.764445,-0.09166423,0.2470393,1.738592,-0.01338085,-0.2577359,1.726935,-0.1375892,-0.01402802,1.766569,0.234015,0.02729592,1.617665,NA,NA,NotTracked,NotTracked,
0.9267578,-0.300293,0.1386719,-0.5620117,0.8369141,0.1962891,-1,-1,-2,-1,-1,0,-2,-1,-122,-9,-3,-2,-1,1,0,-42,-1.75,-1.75,-1.75,-3.4375,-3.4375,-3.4375,3.236791,3.095676,6.634126,7.092075,5.887089,1.403003,-0.1187671,-0.385626,1.658372,-0.006331037,0.208483,1.661099,0.0952395,0.5400475,1.738362,-0.1721254,-0.4054456,1.65235,0.047532,0.2696632,1.676683,0.07208517,0.06433153,1.769595,0.06609332,-0.2661355,1.764367,-0.09168864,0.2468085,1.738659,-0.01348148,-0.2578697,1.726891,-0.1377051,-0.01424392,1.766023,0.2340443,0.02720543,1.617774,NA,NA,NotTracked,NotTracked,
0.9355469,-0.3007813,0.1391602,-0.5205078,0.8339844,0.2128906,0,-2,-1,-1,-1,-1,0,-2,-42,-2,-5,-5,1,-13,-1,22,-6.6875,-6.6875,-6.6875,5.6875,5.6875,5.6875,3.235302,3.093451,6.631711,7.093538,5.886665,1.397739,-0.1185968,-0.3858387,1.658191,-0.009158267,0.2066869,1.661008,0.09522719,0.5399231,1.738225,-0.1675794,-0.4059386,1.642657,0.04460565,0.2700159,1.67779,0.07209841,0.06420107,1.769471,0.06600071,-0.2662748,1.764362,-0.09174646,0.2466079,1.73879,-0.01357436,-0.258004,1.726884,-0.1377679,-0.01426513,1.765622,0.2340633,0.02727624,1.617867,NA,NA,NotTracked,NotTracked,
0.9277344,-0.3261719,0.1704102,-0.5229492,0.8217773,0.2290039,-2,-2,1,-1,-2,-3,-1,1,-49,-3,0,0,-1,-3,-12,-23,-5.1875,-5.1875,-5.1875,4.625,4.625,4.625,3.236409,3.091627,6.622503,7.094086,5.888304,1.390335,-0.1182533,-0.3849707,1.657154,-0.007291126,0.2099547,1.660183,0.09541775,0.5399225,1.73776,-0.1682284,-0.4072436,1.64497,0.04595384,0.2703672,1.677214,0.07211377,0.0642105,1.769264,0.06602196,-0.2662327,1.764338,-0.09178208,0.2463582,1.738716,-0.01350157,-0.2579248,1.726801,-0.1379536,-0.0146752,1.765017,0.2340612,0.0272654,1.618037,NA,NA,NotTracked,NotTracked,
0.9228516,-0.3144531,0.1591797,-0.5483398,0.8320313,0.222168,-1,-1,-1,0,-1,-2,-1,-2,-40,-17,-8,-7,-5,24,-5,-24,-3.3125,-3.3125,-3.3125,2.4375,2.4375,2.4375,3.239175,3.088644,6.61612,7.092741,5.888624,1.385578,-0.1172722,-0.3854485,1.657666,-0.007242314,0.2088873,1.659016,0.09549847,0.5399171,1.737601,-0.1674348,-0.4047006,1.648278,0.04805662,0.2686949,1.676218,0.07210301,0.06422472,1.769248,0.06598613,-0.2662329,1.764309,-0.09178997,0.2463243,1.738713,-0.01354951,-0.2579282,1.726747,-0.1380917,-0.01449872,1.764829,0.2340855,0.02735008,1.618118,NA,NA,NotTracked,NotTracked,
0.9277344,-0.328125,0.15625,-0.5107422,0.8037109,0.2167969,-2,-1,0,0,-1,-1,0,-1,45,5,2,1,0,-10,-8,-31,-1.5,-1.5,-1.5,3.625,3.625,3.625,3.236302,3.086178,6.616367,7.089695,5.888998,1.374785,-0.1171921,-0.3835811,1.656767,-0.007343135,0.2096825,1.656985,0.09563079,0.5399124,1.737182,-0.1668923,-0.4058042,1.645225,0.04871972,0.2677561,1.674506,0.07209766,0.06424466,1.7691,0.06584162,-0.2662364,1.764195,-0.09182904,0.246313,1.738619,-0.01372414,-0.2579441,1.726591,-0.1381138,-0.01389343,1.764441,0.2341076,0.02737388,1.618108,NA,NA,NotTracked,NotTracked,
0.9267578,-0.3295898,0.1557617,-0.5043945,0.8012695,0.2138672,-2,0,-2,-2,0,-1,-1,-1,60,5,2,3,6,-3,3,30,-0.625,-0.625,-0.625,3.4375,3.4375,3.4375,3.234034,3.084877,6.618357,7.087868,5.889962,1.367469,-0.1170284,-0.3833085,1.656475,-0.008052953,0.2111272,1.656378,0.09569443,0.5401981,1.736615,-0.1684344,-0.4038169,1.650343,0.04689569,0.2701509,1.675971,0.07208264,0.06441188,1.768851,0.06571639,-0.2660712,1.764041,-0.09164671,0.2488046,1.736335,-0.0138663,-0.257741,1.726428,-0.1383159,-0.01166233,1.763376,0.2341631,0.02742984,1.618182,NA,NA,NotTracked,NotTracked,
0.9306641,-0.3330078,0.1689453,-0.5239258,0.7587891,0.253418,1,-1,-1,-1,-3,-2,0,-2,26,-2,-1,-3,1,-7,3,-7,-0.8125,-0.8125,-0.8125,2.0625,2.0625,2.0625,3.231299,3.083925,6.620402,7.065785,5.887153,1.326016,-0.116794,-0.3835811,1.657238,-0.006091347,0.2059849,1.65391,0.09581004,0.5403246,1.736482,-0.1666261,-0.4048877,1.643583,0.04866485,0.264762,1.673848,0.0720513,0.06446703,1.76873,0.06559019,-0.2659773,1.763941,-0.09151153,0.2499696,1.735143,-0.01405438,-0.2575544,1.726213,-0.13834,-0.01162702,1.763301,0.2341689,0.02741105,1.618193,NA,NA,NotTracked,NotTracked,
0.9345703,-0.3183594,0.1513672,-0.5439453,0.7631836,0.2294922,0,-1,0,-2,0,-1,-1,0,-4,-3,-2,-2,-4,2,-3,-5,1.25,1.25,1.25,2.125,2.125,2.125,3.230443,3.084852,6.622514,7.054816,5.877121,1.303019,-0.117044,-0.3840427,1.656686,-0.006460951,0.2057729,1.652432,0.09588455,0.540291,1.736419,-0.1665674,-0.4049542,1.643587,0.0477496,0.2666555,1.675121,0.07203505,0.06450036,1.768601,0.06556613,-0.2658602,1.763882,-0.09153692,0.2505794,1.734302,-0.0140547,-0.2573853,1.726124,-0.1384173,-0.01172053,1.763125,0.2342232,0.02740709,1.618326,NA,NA,NotTracked,NotTracked,
0.9296875,-0.3188477,0.1538086,-0.4785156,0.7231445,0.1967773,-1,-2,0,1,-2,-1,-2,-1,-11,-2,-1,-2,-1,-4,-4,-18,-0.25,-0.25,-0.25,3.0625,3.0625,3.0625,3.229175,3.085141,6.623628,7.041328,5.852709,1.272564,-0.1176108,-0.3837443,1.65547,-0.008358166,0.2046081,1.649305,0.09604679,0.5401489,1.736148,-0.1692347,-0.3811837,1.656069,0.04644832,0.2642062,1.673472,0.07204329,0.06443676,1.76833,0.06559013,-0.2658601,1.763734,-0.09165321,0.2497493,1.733963,-0.01398341,-0.257368,1.72594,-0.1384903,-0.01184214,1.762958,0.2342753,0.02678071,1.61848,NA,NA,NotTracked,NotTracked,
0.9204102,-0.3188477,0.1621094,-0.2773438,0.5371094,0.1689453,-1,-1,-1,-1,-1,-2,-1,1,1,-2,-2,1,2,-9,0,0,-1.25,-1.25,-1.25,19.125,19.125,19.125,3.228679,3.086256,6.623564,7.019228,5.768456,1.18894,-0.1176546,-0.3850429,1.656022,-0.01279357,0.1970938,1.643578,0.09617618,0.5399131,1.735832,-0.1665184,-0.4009868,1.640944,0.04071381,0.2579548,1.671368,0.07200409,0.06431673,1.768173,0.06551988,-0.2660178,1.76362,-0.09212148,0.2481471,1.733174,-0.01403036,-0.2575,1.725851,-0.1387835,-0.01306619,1.762409,0.2345903,0.02625174,1.619377,NA,NA,NotTracked,NotTracked,
0.9169922,-0.3232422,0.168457,-0.2773438,0.5371094,0.1689453,-1,-2,0,-2,-1,0,0,-1,1,-2,-2,1,2,-9,0,0,2.5,2.5,2.5,19.125,19.125,19.125,3.231111,3.088958,6.622927,7.019228,5.768456,1.18894,-0.117736,-0.3852822,1.654933,-0.01606612,0.1773469,1.631654,0.09624565,0.5398556,1.735822,-0.1668335,-0.4066768,1.638857,0.03381055,0.2357834,1.664889,0.07199679,0.06429922,1.768137,0.06538899,-0.2660168,1.76354,-0.09210847,0.2489614,1.732158,-0.01409685,-0.2574894,1.725896,-0.1385973,-0.0161391,1.761961,0.2361677,0.02529792,1.621222,NA,NA,NotTracked,NotTracked,
0.9609375,-0.3076172,0.1459961,-0.05175781,0.8305664,0.3154297,-2,0,0,-3,0,-1,0,-1,-6,-6,-3,-4,-1,0,-5,-4,8.75,8.75,8.75,4.6875,4.6875,4.6875,3.239206,3.092192,6.626566,6.991728,5.271422,0.8961482,-0.1183435,-0.3846964,1.654849,-0.02060685,0.1452543,1.615696,0.09625781,0.5397838,1.735744,-0.1675422,-0.4009522,1.642562,0.02086155,0.2076925,1.649066,0.07188319,0.06432544,1.768049,0.06502128,-0.2658909,1.763431,-0.09275096,0.2502445,1.732493,-0.01438996,-0.2573443,1.726032,-0.1364011,-0.02921567,1.761762,0.2405399,0.02376984,1.627551,NA,NA,NotTracked,Unknown,
0.9482422,-0.3081055,0.1342773,0.07324219,0.6928711,0.3740234,0,-1,-2,1,-1,-1,-1,-1,-1,0,-3,-3,-2,-3,5,-4,10.8125,10.8125,10.8125,-23.6875,-23.6875,-23.6875,3.245801,3.094202,6.631278,6.942777,4.818053,0.763056,-0.1183515,-0.3836988,1.653366,-0.02478302,0.02320564,1.581698,0.09619622,0.5398149,1.735359,-0.1675267,-0.405997,1.635934,-0.02057638,-0.041664,1.631191,0.07154823,0.06487212,1.767655,0.06465051,-0.2648243,1.763153,-0.09576746,0.2511634,1.738225,-0.01456197,-0.2563255,1.726229,-0.1370292,-0.0514249,1.753026,0.2561005,0.01843144,1.646578,NA,NA,NotTracked,Unknown,
0.9287109,-0.324707,0.1679688,0.2900391,0.9042969,0.2460938,0,-1,-2,-2,-1,-2,-1,-1,-2,-4,-4,-1,-2,-1,0,-3,5.8125,5.8125,5.8125,-14.3125,-14.3125,-14.3125,3.25996,3.097636,6.631086,6.941536,4.49957,0.648987,-0.1180305,-0.3841181,1.654191,-0.0357573,-0.04899331,1.565107,0.09613217,0.5398809,1.735271,-0.1670361,-0.4073662,1.634607,-0.0009660586,-0.1076337,1.622957,0.0714141,0.06500763,1.767584,0.0645566,-0.2647227,1.763111,-0.09690794,0.2515555,1.741329,-0.014715,-0.2561681,1.726367,-0.1518699,0.03451287,1.762941,0.260063,0.01670536,1.654687,NA,NA,NotTracked,Unknown,
0.9321289,-0.3271484,0.1791992,0.7089844,1.095215,0.3857422,-2,-1,-1,-1,-1,-1,0,-1,-2,-1,-2,-3,-4,-2,-6,-2,4.3125,4.3125,4.3125,-63.75,-63.75,-63.75,3.264941,3.098008,6.628483,6.957081,4.17081,0.5086898,-0.1188195,-0.3832205,1.654373,0.002625601,-0.1237203,1.572177,0.09604093,0.5399815,1.735176,-0.1678101,-0.4018775,1.641116,0.01120966,-0.1844687,1.612885,0.07133765,0.06502609,1.767419,0.06442869,-0.2648135,1.762974,-0.09767731,0.2509891,1.742824,-0.01475021,-0.2562234,1.726349,-0.1397702,-0.001046172,1.763523,0.2663096,0.01816524,1.665468,NA,NA,NotTracked,Unknown,
0.9321289,-0.3271484,0.1791992,0.7089844,1.095215,0.3857422,-2,-1,-1,-1,-1,-1,0,-1,-2,-1,-2,-3,-4,-2,-6,-2,4.3125,4.3125,4.3125,-63.75,-63.75,-63.75,3.264941,3.098008,6.628483,6.957081,4.17081,0.5086898,-0.1183616,-0.3833016,1.654171,0.03963271,-0.1880563,1.576288,0.09588389,0.540017,1.735143,-0.1664683,-0.4045379,1.630355,0.05995557,-0.2549011,1.611477,0.07108355,0.06460138,1.767228,0.06405391,-0.2660196,1.762855,-0.09872389,0.2504281,1.744858,-0.01510395,-0.2580693,1.726437,-0.1396332,-0.004900138,1.763523,0.2686494,0.01732427,1.673483,NA,NA,NotTracked,Unknown,
0.9316406,-0.3256836,0.1855469,0.6953125,0.8115234,0.3657227,-2,-2,0,-2,-3,-1,-2,-1,-1,-4,-2,-1,1,1,-3,1,4.125,4.125,4.125,-116.25,-116.25,-116.25,3.269225,3.098117,6.626585,6.91946,3.878071,0.3559847,-0.1186066,-0.3838696,1.654966,0.04131326,-0.2409844,1.568418,0.0957299,0.5399356,1.73497,-0.1668437,-0.4103872,1.631696,-0.01582881,-0.2096476,1.620762,0.07047777,0.06420868,1.767042,0.06296822,-0.2669365,1.762797,-0.09979828,0.2501655,1.746236,-0.01711933,-0.259297,1.72656,-0.1396811,-0.005340597,1.763615,0.2703471,0.01726062,1.681929,NA,NA,NotTracked,Open,
0.9189453,-0.324707,0.1782227,0.9462891,0.675293,0.4941406,0,-2,-2,1,0,-1,-2,-2,0,-3,-2,1,-1,-3,-3,0,3.125,3.125,3.125,-88.75,-88.75,-88.75,3.269138,3.09097,6.634397,6.958419,3.605601,0.1433379,-0.1193159,-0.3843344,1.65564,0.08764651,-0.2673151,1.588928,0.09554064,0.5397897,1.73498,-0.1677209,-0.4047554,1.637675,0.01821264,-0.2432258,1.611516,0.06977905,0.06358059,1.766505,0.0617045,-0.268257,1.761802,-0.1003386,0.2499661,1.746896,-0.01887157,-0.2598768,1.725829,-0.1397715,-0.00542532,1.763611,0.2706527,0.01370932,1.686691,NA,NA,NotTracked,Open,
0.9287109,-0.3222656,0.1801758,0.9975586,0.8457031,0.1762695,-1,-1,-2,-2,-1,-1,-1,1,-1,-2,-2,-1,0,-4,-2,-1,3.0625,3.0625,3.0625,-120.75,-120.75,-120.75,3.264712,3.087574,6.641079,7.070547,3.386107,9.874479,-0.1209553,-0.3851872,1.658,0.1413776,-0.3288377,1.55483,0.09531707,0.5397407,1.735021,-0.1686479,-0.4048575,1.638734,0.09525348,-0.3590879,1.495214,0.06786594,0.06316903,1.765773,0.05696919,-0.2689612,1.759964,-0.101248,0.249525,1.747974,-0.02518545,-0.2598025,1.724117,-0.139984,-0.00624486,1.763856,0.2699732,0.007677249,1.692359,NA,NA,NotTracked,Unknown,
0.9326172,-0.3295898,0.1694336,1.052734,0.6616211,-0.06347656,-1,0,0,0,-2,-1,0,0,-1,0,-1,0,-1,-1,-2,0,3.1875,3.1875,3.1875,-195.4375,-195.4375,-195.4375,3.242833,3.078628,6.67098,7.208331,3.213946,9.497996,-0.1213661,-0.3851666,1.658615,0.1772576,-0.3742971,1.566338,0.09518588,0.5396705,1.734907,-0.1686608,-0.4059933,1.63906,0.1480172,-0.4023247,1.510625,0.06656798,0.06281411,1.76511,0.05495284,-0.2692416,1.75934,-0.1017685,0.2493878,1.74849,-0.02696168,-0.2600851,1.723709,-0.1401841,-0.006854488,1.763928,0.2693934,-0.002372629,1.696673,NA,NA,NotTracked,Unknown,
0.9458008,-0.3286133,0.1591797,1.019043,0.6738281,-0.2788086,-2,-1,-3,-1,-2,-2,0,0,0,-4,-2,-1,0,-3,-1,-3,4.5,4.5,4.5,-289.9375,-289.9375,-289.9375,3.222883,3.072742,6.702269,7.348883,3.122444,9.030371,-0.1245706,-0.3671981,1.665649,0.2602491,-0.4016791,1.613274,0.09486227,0.5396702,1.734472,-0.1714555,-0.3971137,1.646307,0.3030154,-0.4191505,1.584617,0.06684448,0.06268755,1.764871,0.0575229,-0.2699678,1.759394,-0.1021793,0.2493902,1.74889,-0.02341192,-0.2613744,1.723363,-0.1407134,-0.008159887,1.764043,0.2651528,-0.03100539,1.705239,NA,NA,NotTracked,Unknown,
0.9248047,-0.3271484,0.1679688,1.026367,0.2421875,-0.1479492,0,-1,1,-1,-1,-1,-1,-1,1,-3,-2,0,-1,-2,0,-3,0.4375,0.4375,0.4375,-290.4375,-290.4375,-290.4375,3.218797,3.072237,6.707053,7.368674,3.10352,8.648158,-0.1248976,-0.3680196,1.665058,0.2898826,-0.4068012,1.63061,0.09472543,0.5398164,1.734066,-0.1742307,-0.3690231,1.662269,0.3356649,-0.4172398,1.604263,0.06713811,0.06267066,1.764762,0.05978295,-0.2703221,1.759727,-0.1022595,0.2494764,1.748962,-0.02051896,-0.2620198,1.723607,-0.1412564,-0.009686446,1.763949,0.2655145,-0.03136425,1.706121,NA,NA,NotTracked,Unknown,
0.8969727,-0.3046875,0.1782227,1.00293,0.008789063,0.1015625,-1,-1,-1,-2,-1,-1,0,-1,-1,-1,0,0,-2,-1,-2,0,-1.5,-1.5,-1.5,-133.25,-133.25,-133.25,3.220897,3.073312,6.703836,7.37773,3.101071,8.428404,-0.1254152,-0.3689948,1.664313,0.312835,-0.4076618,1.642389,0.09458379,0.5401083,1.733427,-0.1710986,-0.3924807,1.645812,0.3616321,-0.4237674,1.633667,0.06742098,0.06270734,1.764585,0.06114011,-0.2700743,1.759806,-0.1023568,0.2496573,1.748921,-0.01900981,-0.2618764,1.723702,-0.1415664,-0.01086652,1.763882,0.2686601,-0.04094803,1.711399,NA,NA,NotTracked,Unknown,
0.9086914,-0.3212891,0.1987305,1.005859,0.1381836,0.2495117,-1,-2,-1,-1,-1,0,-2,1,-2,-1,1,-1,-2,-1,-1,0,-8.9375,-8.9375,-8.9375,-13.0625,-13.0625,-13.0625,3.223852,3.073284,6.693194,7.363601,3.083032,8.391021,-0.1253839,-0.3701272,1.66517,0.3222657,-0.4099223,1.65425,0.09452811,0.5401388,1.733064,-0.1746397,-0.3830639,1.659616,0.3678725,-0.423665,1.650962,0.0675168,0.06276638,1.764533,0.06167754,-0.2699576,1.760052,-0.1024881,0.249722,1.748997,-0.0184501,-0.2617576,1.723958,-0.1418002,-0.01137018,1.764051,0.2733837,-0.04774906,1.717572,NA,NA,NotTracked,Unknown,
0.9228516,-0.3237305,0.1987305,0.9682617,0.3413086,0.3515625,0,-1,-1,-1,-1,1,-2,0,-1,-1,-1,-1,0,-1,-1,0,-7.75,-7.75,-7.75,33.875,33.875,33.875,3.226144,3.072857,6.68657,7.288321,3.07831,8.495035,-0.1245706,-0.378568,1.663022,0.3251638,-0.4103106,1.659266,0.0944827,0.5400765,1.732677,-0.1738638,-0.3837949,1.655997,0.3663145,-0.435638,1.660643,0.06758735,0.06276722,1.764467,0.06203515,-0.2698898,1.760232,-0.1025229,0.2497134,1.748978,-0.01809942,-0.2617174,1.7241,-0.1418453,-0.01144318,1.763981,0.2792242,-0.05199539,1.724341,NA,NA,NotTracked,Unknown,
0.9228516,-0.3237305,0.1987305,0.9682617,0.3413086,0.3515625,0,-1,-1,-1,-1,1,-2,0,-1,-1,-1,-1,0,-1,-1,0,-7.75,-7.75,-7.75,33.875,33.875,33.875,3.226144,3.072857,6.68657,7.288321,3.07831,8.495035,-0.1250762,-0.3710596,1.663406,0.3213524,-0.4096602,1.661113,0.09444096,0.5398075,1.73169,-0.1715655,-0.3979093,1.649077,0.3560248,-0.4232593,1.647333,0.06761598,0.0626183,1.764275,0.06218563,-0.2701177,1.760243,-0.1025674,0.2497322,1.748957,-0.01799296,-0.2619502,1.724081,-0.1419882,-0.01176703,1.763857,0.2851268,-0.04906276,1.729862,NA,NA,NotTracked,NotTracked,
0.9648438,-0.2963867,0.1679688,0.8823242,0.487793,0.3657227,-3,-1,0,-1,-2,0,-2,-1,-1,-1,-3,-1,-1,-3,-4,0,-3.1875,-3.1875,-3.1875,33.9375,33.9375,33.9375,3.236973,3.070868,6.670031,7.16551,3.095537,8.659741,-0.1255872,-0.3717643,1.663597,0.3180533,-0.4074415,1.659482,0.09441918,0.5398002,1.731375,-0.1713582,-0.3918517,1.649706,0.3598934,-0.435564,1.659143,0.06777636,0.06253907,1.764166,0.06272966,-0.2701835,1.76044,-0.1026278,0.2496647,1.74893,-0.01745501,-0.2620626,1.724144,-0.1421946,-0.01327619,1.763271,0.2896735,-0.04804932,1.735994,NA,NA,NotTracked,NotTracked,
0.9379883,-0.2973633,0.1420898,0.7792969,0.5722656,0.2666016,0,-1,-1,-2,0,-2,-2,-1,-1,-2,-2,1,-1,1,-2,0,-3.4375,-3.4375,-3.4375,5.4375,5.4375,5.4375,3.240024,3.069527,6.662233,7.051905,3.134244,8.794736,-0.1234702,-0.3808675,1.661684,0.3135619,-0.4050608,1.659329,0.09441995,0.5396695,1.731086,-0.1717337,-0.3711413,1.655341,0.359075,-0.4470175,1.666625,0.06787671,0.06252462,1.76417,0.06354152,-0.2700934,1.761013,-0.1027003,0.2496293,1.748906,-0.01663318,-0.2620167,1.724467,-0.1421383,-0.01377436,1.763097,0.2921621,-0.04634377,1.743955,NA,NA,NotTracked,NotTracked,
0.9174805,-0.2856445,0.1523438,0.7670898,0.5410156,0.2373047,-1,1,-2,1,-3,-2,0,-2,-2,-1,-2,-1,0,-1,-2,-3,-6.9375,-6.9375,-6.9375,-27.75,-27.75,-27.75,3.247602,3.069654,6.647956,6.948766,3.177125,8.880534,-0.122633,-0.3818286,1.659842,0.3032226,-0.4016806,1.659251,0.0943848,0.5395949,1.730515,-0.1717291,-0.4011794,1.64384,0.3543685,-0.4450452,1.663429,0.06799444,0.0624207,1.764129,0.06409336,-0.270398,1.761348,-0.1026631,0.2496452,1.748847,-0.016104,-0.2623291,1.724565,-0.1420476,-0.01439675,1.762671,0.2932873,-0.05061137,1.750926,NA,NA,NotTracked,NotTracked,
0.9331055,-0.3056641,0.1796875,0.8208008,0.4487305,0.206543,0,-2,-1,-2,-2,-2,0,-1,0,0,-1,0,-2,-4,-11,1,-10.0625,-10.0625,-10.0625,-33.75,-33.75,-33.75,3.257349,3.069552,6.62606,6.857333,3.213258,8.938244,-0.1212544,-0.3831123,1.658606,0.2939259,-0.3973849,1.657435,0.09440108,0.5394568,1.730047,-0.1682264,-0.4004292,1.641094,0.3346759,-0.3967098,1.634187,0.06831673,0.06230304,1.764012,0.06534178,-0.270691,1.761675,-0.1026705,0.2495313,1.748695,-0.01483234,-0.262796,1.724397,-0.1419931,-0.01459182,1.762525,0.2924492,-0.05028145,1.754499,NA,NA,NotTracked,NotTracked,
0.940918,-0.3022461,0.1640625,0.8691406,0.3920898,0.1489258,-1,1,-1,-2,-2,-3,0,-1,-1,-2,-2,-1,-1,1,-1,-1,-8.25,-8.25,-8.25,-12.875,-12.875,-12.875,3.263002,3.069198,6.615242,6.796716,3.236422,8.983198,-0.1205391,-0.383347,1.658047,0.2852027,-0.3927257,1.654903,0.09449457,0.539436,1.729584,-0.1701013,-0.3945068,1.647547,0.3304423,-0.3954108,1.637559,0.06860743,0.06222187,1.763946,0.06622501,-0.2709075,1.762028,-0.1026699,0.2494888,1.748581,-0.01401337,-0.2630632,1.724451,-0.1418743,-0.01517491,1.762047,0.2904477,-0.04882351,1.757814,NA,NA,NotTracked,NotTracked,
0.940918,-0.3022461,0.1640625,0.8691406,0.3920898,0.1489258,-1,1,-1,-2,-2,-3,0,-1,-1,-2,-2,-1,-1,1,-1,-1,-8.25,-8.25,-8.25,-12.875,-12.875,-12.875,3.263002,3.069198,6.615242,6.796716,3.236422,8.983198,-0.1196039,-0.382821,1.657628,0.277116,-0.389934,1.6507,0.09463174,0.5393316,1.729003,-0.1671558,-0.3924952,1.646192,0.286342,-0.3957665,1.598736,0.06884842,0.06221505,1.763955,0.06715678,-0.270849,1.76247,-0.1026487,0.2494523,1.748374,-0.01324292,-0.2631321,1.724613,-0.1415243,-0.01524785,1.761826,0.2887401,-0.04734798,1.759837,NA,NA,NotTracked,NotTracked,
0.9477539,-0.3129883,0.1523438,0.8808594,0.4194336,0.1196289,-1,-1,-1,-1,-2,0,0,0,1,1,0,1,1,0,7,3,-5.875,-5.875,-5.875,7.875,7.875,7.875,3.273193,3.06609,6.592203,6.764929,3.25433,9.025956,-0.1184298,-0.3826393,1.655971,0.2691425,-0.3871997,1.646416,0.09469537,0.5392982,1.728459,-0.1670198,-0.3947912,1.647092,0.313947,-0.4023351,1.633765,0.06913356,0.06218874,1.763888,0.06786096,-0.2708087,1.762665,-0.1026686,0.2494125,1.748191,-0.01261437,-0.2632411,1.724573,-0.1407581,-0.01593825,1.760995,0.286983,-0.04669638,1.760928,NA,NA,NotTracked,NotTracked,
0.9545898,-0.3222656,0.1430664,0.8710938,0.425293,0.1083984,-1,0,11,-2,0,1,0,-2,0,-1,-1,0,-2,-2,-6,-1,-2.75,-2.75,-2.75,11.75,11.75,11.75,3.275388,3.06544,6.587923,6.742641,3.26964,9.068897,-0.1178784,-0.3831742,1.65654,0.262365,-0.3861615,1.643843,0.09481001,0.5391125,1.72814,-0.1648824,-0.3971142,1.646886,0.3079001,-0.4304207,1.636909,0.06946529,0.06209317,1.763902,0.06854516,-0.2708522,1.762838,-0.1025769,0.2493978,1.748015,-0.01192602,-0.2634102,1.724483,-0.1403156,-0.01587088,1.760499,0.2848808,-0.04607531,1.761835,NA,NA,NotTracked,Unknown,
0.9541016,-0.3149414,0.1396484,0.8540039,0.4462891,0.1479492,-2,-4,-4,-1,0,-2,-1,-2,0,0,0,-1,-1,0,0,-1,-0.25,-0.25,-0.25,12.125,12.125,12.125,3.279041,3.065027,6.583583,6.727812,3.283787,9.104985,-0.1168474,-0.3833517,1.655015,0.2564494,-0.3849174,1.6393,0.09487215,0.5388793,1.727855,-0.1657479,-0.395215,1.644995,0.2975211,-0.4124023,1.620433,0.06976134,0.06196738,1.763892,0.06899028,-0.2708853,1.762906,-0.1025117,0.2490927,1.747883,-0.01144843,-0.2635613,1.724407,-0.1399372,-0.01590651,1.759946,0.2825927,-0.04546795,1.762563,NA,NA,NotTracked,Unknown,
0.9296875,-0.3227539,0.1386719,0.8701172,0.4506836,0.1831055,-1,-1,-3,0,-1,-1,0,0,0,-2,-1,0,0,1,-1,-2,-2.125,-2.125,-2.125,9.25,9.25,9.25,3.279534,3.064988,6.579597,6.71596,3.294956,9.133362,-0.1153473,-0.3831918,1.654997,0.2518689,-0.3818592,1.636228,0.0949233,0.5387686,1.727582,-0.1616174,-0.4018759,1.639077,0.2944852,-0.4247144,1.62525,0.06988329,0.06190303,1.763895,0.06911597,-0.2708916,1.76296,-0.1024405,0.2489673,1.747797,-0.0113707,-0.2635964,1.724373,-0.1397039,-0.01561039,1.759832,0.2807231,-0.04420306,1.762903,NA,NA,NotTracked,Unknown,
0.9228516,-0.3232422,0.1572266,0.8422852,0.4287109,0.1650391,-1,-1,-3,-2,-1,0,-1,0,-2,0,-1,-1,-2,0,-2,-2,-0.75,-0.75,-0.75,7.3125,7.3125,7.3125,3.278057,3.065478,6.580235,6.714711,3.30008,9.147471,-0.114608,-0.3848899,1.656677,0.2424791,-0.381196,1.63312,0.0949819,0.5384523,1.727385,-0.1641841,-0.4031081,1.645849,0.283202,-0.4148181,1.61704,0.07003529,0.06175957,1.764066,0.0692604,-0.2708836,1.763125,-0.1022499,0.2488269,1.7478,-0.01130723,-0.2636305,1.724401,-0.1391028,-0.01532258,1.759878,0.2779044,-0.04234669,1.763494,NA,NA,NotTracked,Unknown,
0.918457,-0.3022461,0.1650391,0.8276367,0.4282227,0.1762695,0,-2,-3,-2,1,-1,-1,-2,-2,-1,-1,-1,-1,1,1,0,-2.625,-2.625,-2.625,6.1875,6.1875,6.1875,3.272552,3.065007,6.583928,6.718975,3.300854,9.152572,-0.11451,-0.3852506,1.656721,0.2410643,-0.3805883,1.632124,0.09497181,0.538443,1.727391,-0.1640264,-0.3960147,1.645759,0.2816202,-0.4072516,1.61725,0.07003333,0.06175938,1.764159,0.0692322,-0.2708586,1.763178,-0.1022402,0.2488242,1.747808,-0.01132566,-0.2636323,1.724421,-0.1390025,-0.01525788,1.759866,0.2770439,-0.04168346,1.763451,NA,NA,NotTracked,Unknown,
0.9301758,-0.3134766,0.1811523,0.8369141,0.4428711,0.215332,-1,0,-1,-1,0,0,0,1,-1,1,-2,-1,-1,-1,0,0,-4.125,-4.125,-4.125,5.6875,5.6875,5.6875,3.270139,3.064619,6.584384,6.7313,3.294053,9.14737,-0.1150996,-0.3851819,1.657226,0.2387617,-0.3800196,1.631861,0.09497206,0.5384429,1.727391,-0.1646262,-0.3959904,1.646837,0.2796237,-0.4132414,1.614458,0.07008139,0.06181313,1.764242,0.06930552,-0.2707612,1.763222,-0.1022393,0.2488268,1.747853,-0.01128565,-0.2635992,1.724429,-0.1387096,-0.01461642,1.759721,0.2756253,-0.03973684,1.763397,NA,NA,NotTracked,Unknown,
0.9379883,-0.3217773,0.1865234,0.8891602,0.4042969,0.1621094,-1,-1,-1,0,-2,-1,-2,-1,-1,-3,-1,0,0,0,-1,-1,-3.9375,-3.9375,-3.9375,16.25,16.25,16.25,3.266758,3.064822,6.58581,6.759652,3.27897,9.129642,-0.1147257,-0.3850245,1.656848,0.2384281,-0.3811261,1.630969,0.09496459,0.5384266,1.727378,-0.1623055,-0.4133951,1.638778,0.2788572,-0.415521,1.61424,0.07009417,0.06185542,1.764298,0.06932611,-0.2706451,1.763241,-0.1022319,0.2488342,1.747861,-0.01127281,-0.2635547,1.724439,-0.1384463,-0.01426303,1.75962,0.2748775,-0.03915791,1.763097,NA,NA,NotTracked,Unknown,
0.9477539,-0.3134766,0.1791992,0.871582,0.4038086,0.1601563,-1,0,-2,-1,-1,0,-2,-1,-1,-1,-1,0,-3,-2,0,0,1.625,1.625,1.625,11.5625,11.5625,11.5625,3.267323,3.065275,6.585789,6.792945,3.259253,9.109438,-0.1149734,-0.3849122,1.656204,0.2385366,-0.3825335,1.631851,0.09495665,0.5384738,1.727388,-0.1625986,-0.3909187,1.647207,0.2832582,-0.4264709,1.626125,0.07007467,0.06193921,1.764393,0.06928094,-0.2705224,1.763259,-0.1022285,0.2488596,1.747871,-0.01132272,-0.2634558,1.724381,-0.1382734,-0.01385948,1.759431,0.2733422,-0.03648159,1.762142,NA,NA,NotTracked,Unknown,
0.9272461,-0.3085938,0.1616211,0.8989258,0.4038086,0.159668,-1,-4,0,-1,-1,-1,-1,-1,-1,-1,0,-2,-1,-1,0,0,-0.9375,-0.9375,-0.9375,6.125,6.125,6.125,3.275162,3.069143,6.578905,6.824683,3.241176,9.08532,-0.1146552,-0.3849076,1.654361,0.2409382,-0.3846569,1.634642,0.09494005,0.5384347,1.727448,-0.1616005,-0.4102593,1.639091,0.2862826,-0.401677,1.623219,0.07012311,0.06199823,1.764502,0.0693616,-0.2704111,1.763237,-0.1021618,0.2486635,1.747946,-0.01125505,-0.2634341,1.724331,-0.138052,-0.01331641,1.759227,0.2722393,-0.03621414,1.761084,NA,NA,NotTracked,Unknown,
0.9433594,-0.2900391,0.171875,0.8994141,0.3979492,0.1523438,-1,-1,0,-1,-1,-2,0,-1,-1,1,0,-2,1,-1,0,-1,0.875,0.875,0.875,3.8125,3.8125,3.8125,3.281856,3.071815,6.572881,6.853251,3.227383,9.059113,-0.1148996,-0.3856125,1.654958,0.2417084,-0.3866038,1.636519,0.09485172,0.5383736,1.727486,-0.1616751,-0.4123688,1.641783,0.2881746,-0.4169239,1.626093,0.07012436,0.06198695,1.764647,0.06937565,-0.2704157,1.763226,-0.1021531,0.2484824,1.748032,-0.01124151,-0.2634473,1.724303,-0.1379356,-0.01356643,1.759107,0.2718291,-0.03636651,1.760523,NA,NA,NotTracked,Unknown,
0.9477539,-0.2954102,0.1669922,0.9086914,0.3876953,0.1337891,-2,-1,-2,0,1,-1,-2,0,0,-1,-1,-3,-1,1,0,-2,1.0625,1.0625,1.0625,-4.1875,-4.1875,-4.1875,3.285052,3.072669,6.57038,6.875333,3.2205,9.032756,-0.1148043,-0.3858468,1.654464,0.2435918,-0.3870533,1.638572,0.09476183,0.5382414,1.72763,-0.1621361,-0.392401,1.650167,0.2920257,-0.4200232,1.630462,0.07022465,0.06193185,1.764749,0.06945892,-0.270418,1.763185,-0.1022737,0.2481973,1.748329,-0.011156,-0.2634616,1.724261,-0.1378013,-0.01319664,1.759152,0.271345,-0.03677306,1.75982,NA,NA,NotTracked,Unknown,
0.940918,-0.3208008,0.1660156,0.9008789,0.3828125,0.1435547,-1,-1,-2,-1,-1,0,-2,-2,-1,-1,-1,-1,-3,-1,-1,-2,0.5,0.5,0.5,-7.75,-7.75,-7.75,3.284751,3.074135,6.570813,6.881343,3.217154,9.017957,-0.1145367,-0.385831,1.654292,0.2446103,-0.3875987,1.639931,0.09462362,0.5380313,1.728015,-0.1616258,-0.4006665,1.643815,0.2935052,-0.4103045,1.630271,0.07026326,0.06185576,1.764885,0.0695097,-0.2704374,1.763165,-0.1021449,0.2478773,1.748603,-0.0111086,-0.2635,1.724241,-0.137739,-0.01327477,1.759129,0.2708755,-0.03726452,1.758836,NA,NA,NotTracked,Unknown,
0.9248047,-0.3105469,0.1533203,0.8925781,0.3779297,0.1689453,-1,-2,0,-1,-2,0,-2,-1,-1,-1,-1,0,0,-1,0,0,3.5,3.5,3.5,-5.25,-5.25,-5.25,3.290145,3.076962,6.570144,6.880751,3.216646,9.010995,-0.1144131,-0.3858485,1.654352,0.2450723,-0.3886726,1.640665,0.0944615,0.5380356,1.728314,-0.1618628,-0.405674,1.645273,0.2970058,-0.4345722,1.63825,0.07039331,0.06178239,1.76514,0.06952496,-0.2704358,1.763175,-0.1021326,0.2477707,1.74904,-0.01108336,-0.263505,1.72427,-0.1377142,-0.01324995,1.759181,0.2706023,-0.03768892,1.758125,NA,NA,NotTracked,Unknown,
0.9272461,-0.3076172,0.1660156,0.8911133,0.3886719,0.1674805,-1,-3,-2,-1,0,-2,-1,-2,-1,0,-1,-1,-2,0,-1,-1,-0.0625,-0.0625,-0.0625,4.4375,4.4375,4.4375,3.292164,3.077162,6.569102,6.883708,3.217724,9.009645,-0.1140015,-0.3853627,1.65397,0.2461962,-0.3879181,1.64016,0.09422234,0.5379899,1.728727,-0.1613097,-0.3891956,1.650778,0.2944897,-0.4217718,1.631341,0.07057927,0.06182599,1.765439,0.06980665,-0.2703669,1.763126,-0.1022251,0.2475837,1.74972,-0.01080267,-0.2634825,1.724219,-0.1375587,-0.0128084,1.759237,0.2703518,-0.03786379,1.757214,NA,NA,NotTracked,Unknown,
0.9375,-0.3178711,0.1767578,0.8745117,0.4018555,0.1694336,-1,-2,-1,-1,0,1,0,-2,2,0,0,0,-1,1,0,-1,-1.375,-1.375,-1.375,9.75,9.75,9.75,3.290695,3.077536,6.569314,6.894872,3.222702,9.00861,-0.1126397,-0.3852253,1.653864,0.246374,-0.3880716,1.639269,0.09413425,0.5379958,1.728867,-0.1624123,-0.4009084,1.647335,0.2955452,-0.4277472,1.632931,0.07070022,0.06189476,1.765607,0.07001691,-0.2702741,1.763072,-0.1021786,0.2475378,1.749786,-0.01058245,-0.2634257,1.724131,-0.1374187,-0.0125236,1.759268,0.2703183,-0.03792028,1.757045,NA,NA,NotTracked,Unknown,
0.9370117,-0.3193359,0.1708984,0.8754883,0.4013672,0.1542969,-2,-1,1,0,-2,-2,-1,0,-1,-2,0,-2,-2,0,-1,-1,-2.625,-2.625,-2.625,9.4375,9.4375,9.4375,3.291038,3.077302,6.565483,6.909842,3.229674,9.004424,-0.112582,-0.3853478,1.654786,0.2459129,-0.3873426,1.63903,0.09402121,0.5380155,1.728966,-0.1625702,-0.3869149,1.65975,0.2935323,-0.4382827,1.631375,0.07074441,0.06196662,1.765787,0.07009552,-0.270184,1.763081,-0.1021404,0.2475694,1.749915,-0.01050134,-0.2633497,1.724117,-0.1373845,-0.0126478,1.759339,0.2701829,-0.03796078,1.756869,NA,NA,NotTracked,Unknown,
0.9326172,-0.3217773,0.1733398,0.871582,0.40625,0.1445313,-1,0,-3,-1,-1,-1,1,0,-2,0,-1,0,0,-1,-2,-1,-2.875,-2.875,-2.875,7.875,7.875,7.875,3.291181,3.078096,6.561832,6.918773,3.23537,9.004441,-0.1121227,-0.3849885,1.653523,0.2449355,-0.3870425,1.63631,0.0939629,0.5380396,1.729014,-0.1620503,-0.393962,1.65117,0.2911358,-0.4119521,1.620654,0.07081418,0.0620027,1.76584,0.07020627,-0.2701099,1.762985,-0.1021191,0.2475422,1.750028,-0.01038628,-0.2633022,1.724026,-0.1373439,-0.01265415,1.759318,0.2700032,-0.03796706,1.756447,NA,NA,NotTracked,Unknown,
0.9262695,-0.3227539,0.168457,0.878418,0.4052734,0.1518555,-2,-2,-2,-1,-1,-2,0,0,-1,-1,0,-1,-1,-1,1,0,-0.6875,-0.6875,-0.6875,8.125,8.125,8.125,3.289793,3.078652,6.561953,6.922699,3.237053,9.010169,-0.1117301,-0.3869263,1.654328,0.2443544,-0.3870472,1.63606,0.09376387,0.5379416,1.729411,-0.1601955,-0.4010837,1.644546,0.2892817,-0.4092572,1.620129,0.07079467,0.06195171,1.766082,0.07021739,-0.2701141,1.762941,-0.1021846,0.2473261,1.750591,-0.01037764,-0.2633278,1.723983,-0.1371534,-0.01265681,1.759402,0.2698097,-0.03798695,1.756351,NA,NA,NotTracked,Unknown,
0.9272461,-0.3178711,0.1665039,0.8720703,0.4033203,0.1367188,-1,-1,-2,-1,-1,-1,-1,-1,-1,-1,-2,0,-1,0,-1,-2,-0.6875,-0.6875,-0.6875,12.4375,12.4375,12.4375,3.289793,3.078652,6.561953,6.923256,3.230859,9.030936,-0.112155,-0.3870361,1.654275,0.2434156,-0.3871165,1.635278,0.09373023,0.5377901,1.729604,-0.1663536,-0.4193798,1.65325,0.2893045,-0.4173377,1.620591,0.07080881,0.06189182,1.766208,0.07021821,-0.2701208,1.76293,-0.1021025,0.2470316,1.750935,-0.01037427,-0.2633407,1.723972,-0.137197,-0.01288517,1.759485,0.269697,-0.03815076,1.75629,NA,NA,NotTracked,Unknown,
0.9365234,-0.3105469,0.1665039,0.8754883,0.4086914,0.1362305,0,1,0,-2,-2,1,0,0,-1,-1,-2,-3,-1,0,1,-1,-0.625,-0.625,-0.625,12.3125,12.3125,12.3125,3.289793,3.078652,6.561953,6.92257,3.228304,9.039669,-0.1125121,-0.3870288,1.655079,0.2431879,-0.3891193,1.635485,0.09372513,0.5376934,1.730023,-0.1614102,-0.3868081,1.650394,0.2867709,-0.4149379,1.617899,0.07088646,0.06183582,1.766378,0.07023085,-0.2701374,1.762936,-0.1020957,0.2468755,1.751184,-0.01036142,-0.2633612,1.723979,-0.1371797,-0.01287939,1.759514,0.2696261,-0.03832135,1.756234,NA,NA,NotTracked,Unknown,
0.9443359,-0.3012695,0.1728516,0.8764648,0.4057617,0.1435547,-1,-3,-2,-1,-1,-1,-3,-2,0,-2,-2,-1,0,-1,-2,0,-2,-2,-2,10.0625,10.0625,10.0625,3.283303,3.07691,6.566772,6.9223,3.225258,9.053819,-0.1122821,-0.3870935,1.655417,0.2417774,-0.388624,1.634507,0.09371341,0.5376994,1.730644,-0.1605053,-0.4221981,1.6395,0.2857546,-0.417017,1.617375,0.07096171,0.06189331,1.766638,0.0703127,-0.2699927,1.763006,-0.1020737,0.2468241,1.751508,-0.01025287,-0.2632271,1.724033,-0.1371595,-0.01272331,1.759738,0.2694936,-0.03817118,1.756181,NA,NA,NotTracked,Unknown,
0.9267578,-0.3037109,0.168457,0.8842773,0.3999023,0.1313477,0,-1,-1,-2,-1,-2,-1,0,-1,-1,0,1,0,-2,-1,0,-3.9375,-3.9375,-3.9375,3.6875,3.6875,3.6875,3.278258,3.074693,6.566949,6.921618,3.223262,9.062118,-0.1124626,-0.3868934,1.655672,0.2423957,-0.3881015,1.634975,0.09374413,0.5377893,1.731243,-0.16255,-0.3940808,1.651808,0.2892111,-0.4166162,1.622955,0.07097865,0.06194179,1.766805,0.07030716,-0.2699721,1.763042,-0.1019937,0.246789,1.751671,-0.01025568,-0.2632087,1.724074,-0.1370907,-0.0126983,1.759909,0.2693615,-0.0381178,1.756138,NA,NA,NotTracked,Unknown,
0.9243164,-0.3115234,0.1733398,0.8823242,0.3974609,0.1420898,-2,-1,1,-1,-1,-1,-1,-2,-1,0,1,-2,-2,-2,-1,-1,-5,-5,-5,0.125,0.125,0.125,3.275715,3.07448,6.566849,6.916667,3.223414,9.068933,-0.1122171,-0.3864748,1.655494,0.2421939,-0.3884169,1.634664,0.09372906,0.5378695,1.731551,-0.1627516,-0.4105501,1.642298,0.28793,-0.417347,1.621217,0.07100032,0.06200185,1.766913,0.07030487,-0.2698954,1.763094,-0.1020099,0.2468841,1.751821,-0.01025677,-0.2631388,1.724128,-0.1370173,-0.01239458,1.759963,0.2692032,-0.03789985,1.756006,NA,NA,NotTracked,Unknown,
0.9233398,-0.315918,0.1665039,0.8808594,0.4082031,0.1469727,-1,0,-1,-1,-2,0,1,-1,0,-1,-3,1,-1,-1,1,0,0.75,0.75,0.75,-2.0625,-2.0625,-2.0625,3.27165,3.074386,6.567415,6.910421,3.22423,9.074339,-0.1118762,-0.3848423,1.656082,0.2412879,-0.3884382,1.63447,0.09371709,0.5380623,1.731995,-0.1606644,-0.3889343,1.651,0.2879215,-0.4168568,1.621709,0.07100834,0.06206357,1.767052,0.07022922,-0.2697962,1.76318,-0.1019595,0.2469183,1.751982,-0.01034426,-0.2630292,1.724251,-0.1369235,-0.01194572,1.760231,0.2684523,-0.03230229,1.755084,NA,NA,NotTracked,Unknown,
0.9345703,-0.3110352,0.1674805,0.878418,0.4038086,0.1538086,0,-1,-2,0,-1,-1,-2,0,0,-1,-1,-1,-1,0,-1,-1,2.625,2.625,2.625,-2.3125,-2.3125,-2.3125,3.272229,3.075088,6.56977,6.906915,3.224795,9.075412,-0.1122022,-0.3852909,1.656693,0.2409823,-0.3891261,1.635721,0.09374379,0.5381032,1.732417,-0.1629387,-0.4095527,1.644063,0.2867304,-0.4165692,1.62167,0.07100604,0.0620541,1.767192,0.07020327,-0.2697817,1.763233,-0.1019383,0.2469478,1.752189,-0.01037045,-0.2630104,1.724305,-0.1369659,-0.01176212,1.760394,0.2683073,-0.03264812,1.755198,NA,NA,NotTracked,Unknown,
0.9316406,-0.309082,0.1674805,0.8730469,0.4042969,0.1469727,0,-1,-2,-3,-1,0,-1,0,-2,-1,0,1,0,0,0,-3,2.75,2.75,2.75,-0.75,-0.75,-0.75,3.273507,3.076161,6.571831,6.906356,3.224127,9.074983,-0.1122805,-0.3855201,1.657257,0.2414497,-0.3894853,1.63721,0.09375858,0.5379556,1.732788,-0.1611322,-0.3919035,1.649328,0.2874107,-0.4175735,1.623712,0.07102982,0.0619733,1.767414,0.07017487,-0.2698062,1.763317,-0.1018133,0.2467802,1.75255,-0.01039156,-0.2630326,1.72436,-0.1369896,-0.01203921,1.760483,0.2682368,-0.03306465,1.755306,NA,NA,NotTracked,Unknown,
0.9360352,-0.3085938,0.1645508,0.8833008,0.4018555,0.1435547,-3,0,0,-1,0,0,-3,-2,-3,-2,0,0,-2,-2,0,0,3.8125,3.8125,3.8125,-1.3125,-1.3125,-1.3125,3.274439,3.077148,6.575231,6.906501,3.223236,9.074745,-0.1126769,-0.3858543,1.657436,0.2415759,-0.3893687,1.637617,0.09360135,0.5379562,1.73336,-0.1633662,-0.3968904,1.652165,0.2890649,-0.4012693,1.633455,0.07104371,0.06192684,1.76763,0.07005515,-0.2697747,1.76346,-0.1017964,0.2467991,1.75297,-0.01050061,-0.2630174,1.724505,-0.1369725,-0.01196177,1.760589,0.2681215,-0.03337282,1.755314,NA,NA,NotTracked,Unknown,
0.9326172,-0.3129883,0.1674805,0.887207,0.3959961,0.1474609,-1,0,-1,0,-2,0,0,-1,-1,0,-1,0,-1,1,0,-1,1.9375,1.9375,1.9375,1.8125,1.8125,1.8125,3.274603,3.077173,6.578142,6.905921,3.220693,9.076468,-0.1123509,-0.3864391,1.657031,0.2411193,-0.3897747,1.637395,0.09346207,0.5379009,1.733601,-0.1612117,-0.3976704,1.647115,0.2887459,-0.4254463,1.633273,0.07102086,0.06184826,1.767802,0.06996796,-0.2698285,1.76355,-0.1018285,0.2465782,1.753365,-0.01059402,-0.2630602,1.7246,-0.1368932,-0.0118913,1.760785,0.2680258,-0.03376902,1.755321,NA,NA,NotTracked,Unknown,
0.9355469,-0.3139648,0.1728516,0.8847656,0.394043,0.1503906,-2,-2,-3,0,-1,-1,-1,-1,-1,0,-3,-1,-1,0,-1,0,1,1,1,3.6875,3.6875,3.6875,3.273831,3.076211,6.580453,6.905742,3.217553,9.081438,-0.1119891,-0.3860323,1.658393,0.2409394,-0.389668,1.638264,0.0933361,0.5377543,1.734168,-0.160666,-0.3938998,1.649327,0.2875234,-0.4289106,1.631,0.07107955,0.06176064,1.768246,0.06978862,-0.2698809,1.763941,-0.1019139,0.246447,1.754367,-0.01078437,-0.2631216,1.725115,-0.136826,-0.01181651,1.761086,0.267973,-0.03408226,1.755382,NA,NA,NotTracked,Unknown,
0.9306641,-0.3193359,0.1689453,0.8793945,0.4003906,0.1455078,-1,-1,-2,-1,-1,-2,0,-1,-1,-2,-1,0,-1,-1,0,-1,1.5625,1.5625,1.5625,1.3125,1.3125,1.3125,3.273787,3.075854,6.582037,6.907017,3.217619,9.082739,-0.1117514,-0.3853974,1.659221,0.2413108,-0.3895435,1.63907,0.09324255,0.5378137,1.734486,-0.1604539,-0.3953819,1.648259,0.2882739,-0.4195971,1.629434,0.07107677,0.06178153,1.768513,0.06979568,-0.269841,1.764152,-0.1018552,0.2465476,1.754825,-0.01077787,-0.263084,1.725377,-0.1368225,-0.01174953,1.761328,0.2680092,-0.03427587,1.755445,NA,NA,NotTracked,Unknown,
0.9331055,-0.315918,0.171875,0.8774414,0.3969727,0.1586914,-1,-2,0,-1,-1,-3,-1,-1,-1,1,0,-2,0,-1,0,-1,-0.9375,-0.9375,-0.9375,-0.1875,-0.1875,-0.1875,3.272766,3.075747,6.583346,6.904345,3.218292,9.085169,-0.1121652,-0.3853364,1.659159,0.2415151,-0.3893243,1.638067,0.09316116,0.5378543,1.73464,-0.1619414,-0.39042,1.655767,0.2888003,-0.4240431,1.632099,0.07113558,0.06182408,1.76869,0.06979176,-0.2698021,1.764333,-0.1017583,0.2465786,1.75506,-0.01079021,-0.2630736,1.725545,-0.1367997,-0.01192193,1.761574,0.2680046,-0.03426464,1.755465,NA,NA,NotTracked,Unknown,
0.9282227,-0.3193359,0.1645508,0.8759766,0.3979492,0.1445313,-1,-2,-1,-1,-1,0,-2,0,0,-1,-3,1,-1,0,0,0,1.5625,1.5625,1.5625,1.375,1.375,1.375,3.272886,3.076162,6.584054,6.902459,3.21887,9.08875,-0.1114585,-0.3853923,1.65978,0.2414889,-0.3895377,1.638315,0.09308121,0.5379611,1.734899,-0.1618304,-0.3980826,1.652054,0.2862229,-0.407909,1.625743,0.07116619,0.0618333,1.768894,0.06972698,-0.2698131,1.764622,-0.1016339,0.246602,1.755404,-0.0108543,-0.2630868,1.725819,-0.1366725,-0.01191352,1.761901,0.2679768,-0.03440668,1.755578,NA,NA,NotTracked,Unknown,
0.9311523,-0.3139648,0.1748047,0.8803711,0.3950195,0.1630859,-1,-1,-1,-2,-1,0,-2,0,-1,-2,1,0,-1,-1,0,0,-0.125,-0.125,-0.125,0.375,0.375,0.375,3.273345,3.076644,6.584983,6.90136,3.218901,9.090721,-0.1117344,-0.3851658,1.660225,0.2409378,-0.3899168,1.638059,0.09284063,0.5379251,1.735564,-0.1614685,-0.3963354,1.650394,0.2879439,-0.4266828,1.628817,0.0712195,0.06184444,1.769052,0.06968104,-0.2697646,1.764812,-0.1015958,0.2466206,1.755678,-0.01089758,-0.2630519,1.726057,-0.1365046,-0.01198177,1.762199,0.2679883,-0.03439065,1.755644,NA,NA,NotTracked,Unknown,
